     TURKIYE TURKCESININ DIGRAFIK PARAMETRELERI
         ( BOSLUK DAHIL , 30 KARAKTER ICIN )       

Digraf  Frekans      Log(F)     Log (F)   Olasilik    Gecis     Entropi
                                   C                 Olasilik
======  =======     ========    ========  ========   =========  ========
  AA       1179     3.071514    0.593778  0.000190   0.001897   0.002351
  AB      14007     4.146345    0.801562  0.002260   0.022538   0.019862
  AC       9770     3.989895    0.771317  0.001576   0.015721   0.014673
  A›       6047     3.781540    0.731039  0.000976   0.009730   0.009757
  AD      29078     4.463564    0.862886  0.004691   0.046789   0.036290
  AE         48     1.681241    0.325014  0.000008   0.000077   0.000131
  AF       5828     3.765520    0.727942  0.000940   0.009378   0.009454
  AG        230     2.361728    0.456564  0.000037   0.000370   0.000546
  A!      16407     4.215029    0.814840  0.002647   0.026400   0.022661
  AH      14498     4.161308    0.804455  0.002339   0.023328   0.020442
  AI         46     1.662758    0.321441  0.000007   0.000074   0.000126
  A$       2157     3.333850    0.644492  0.000348   0.003471   0.003998
  AJ        129     2.110590    0.408014  0.000021   0.000208   0.000324
  AK      44444     4.647813    0.898505  0.007170   0.071514   0.051078
  AL      43150     4.634981    0.896024  0.006961   0.069432   0.049888
  AM      28341     4.452415    0.860731  0.004572   0.045603   0.035539
  AN      81689     4.912164    0.949608  0.013179   0.131444   0.082309
  AO         77     1.886491    0.364692  0.000012   0.000124   0.000202
  A#          1     0.000000    0.000000  0.000000   0.000002   0.000004
  AP      10498     4.021107    0.777351  0.001694   0.016892   0.015591
  AR      98288     4.992500    0.965139  0.015857   0.158153   0.094803
  AS      21287     4.328115    0.836701  0.003434   0.034252   0.028112
  A@      22171     4.345785    0.840117  0.003577   0.035675   0.029069
  AT      20663     4.315193    0.834203  0.003334   0.033248   0.027431
  AU         30     1.477121    0.285554  0.000005   0.000048   0.000085
  A"          8     0.903090    0.174583  0.000001   0.000013   0.000025
  AV       7506     3.875409    0.749185  0.001211   0.012078   0.011733
  AY      29133     4.464385    0.863045  0.004700   0.046877   0.036345
  AZ      13515     4.130816    0.798560  0.002180   0.021747   0.019277
  Ab      101250     5.005395    0.967632  0.016334   0.162919   0.096960

  BA      33666     4.527192    0.875186  0.005431   0.214149   0.040867
  BB        220     2.342423    0.452832  0.000035   0.001399   0.000525
  BC          4     0.602060    0.116389  0.000001   0.000025   0.000013
  B›          2     0.301030    0.058194  0.000000   0.000013   0.000007
  BD         96     1.982271    0.383208  0.000015   0.000611   0.000247
  BE      23654     4.373905    0.845553  0.003816   0.150463   0.030657
  BF          0     0.000000    0.000000  0.000000   0.000000   0.000000
  BG          2     0.301030    0.058194  0.000000   0.000013   0.000007
  B!          1     0.000000    0.000000  0.000000   0.000006   0.000004
  BH          1     0.000000    0.000000  0.000000   0.000006   0.000004
  BI       2593     3.413803    0.659949  0.000418   0.016494   0.004695
  B$      60204     4.779625    0.923986  0.009713   0.382958   0.064938
  BJ          4     0.602060    0.116389  0.000001   0.000025   0.000013
  BK          7     0.845098    0.163372  0.000001   0.000045   0.000022
  BL        390     2.591065    0.500899  0.000063   0.002481   0.000878
  BM          0     0.000000    0.000000  0.000000   0.000000   0.000000
  BN         17     1.230449    0.237868  0.000003   0.000108   0.000051
  BO       3995     3.601517    0.696237  0.000645   0.025412   0.006831
  B#       2556     3.407561    0.658742  0.000412   0.016259   0.004636
  BP          0     0.000000    0.000000  0.000000   0.000000   0.000000
  BR        405     2.607455    0.504067  0.000065   0.002576   0.000908
  BS         15     1.176091    0.227359  0.000002   0.000095   0.000045
  B@          4     0.602060    0.116389  0.000001   0.000025   0.000013
  BT         10     1.000000    0.193318  0.000002   0.000064   0.000031
  BU      23331     4.367933    0.844399  0.003764   0.148408   0.030313
  B"       5775     3.761552    0.727175  0.000932   0.036735   0.009380
  BV          0     0.000000    0.000000  0.000000   0.000000   0.000000
  BY          4     0.602060    0.116389  0.000001   0.000025   0.000013
  BZ         50     1.698970    0.328441  0.000008   0.000318   0.000136
  Bb        202     2.305351    0.445665  0.000033   0.001285   0.000486

  CA      17638     4.246449    0.820914  0.002845   0.341068   0.024065
  CB         94     1.973128    0.381441  0.000015   0.001818   0.000243
  CC        102     2.008600    0.388298  0.000016   0.001972   0.000261
  C›          2     0.301030    0.058194  0.000000   0.000039   0.000007
  CD        101     2.004321    0.387471  0.000016   0.001953   0.000259
  CE      15969     4.203278    0.812568  0.002576   0.308795   0.022157
  CF          0     0.000000    0.000000  0.000000   0.000000   0.000000
  CG          0     0.000000    0.000000  0.000000   0.000000   0.000000
  C!          3     0.477121    0.092236  0.000000   0.000058   0.000010
  CH         20     1.301030    0.251512  0.000003   0.000387   0.000059
  CI       4737     3.675503    0.710540  0.000764   0.091600   0.007912
  C$       4556     3.658584    0.707269  0.000735   0.088100   0.007651
  CJ          0     0.000000    0.000000  0.000000   0.000000   0.000000
  CK         19     1.278754    0.247206  0.000003   0.000367   0.000056
  CL         64     1.806180    0.349167  0.000010   0.001238   0.000171
  CM         21     1.322219    0.255608  0.000003   0.000406   0.000062
  CN         56     1.748188    0.337956  0.000009   0.001083   0.000151
  CO        176     2.245513    0.434097  0.000028   0.003403   0.000429
  C#         34     1.531479    0.296062  0.000005   0.000657   0.000096
  CP          0     0.000000    0.000000  0.000000   0.000000   0.000000
  CR        135     2.130334    0.411831  0.000022   0.002611   0.000337
  CS          1     0.000000    0.000000  0.000000   0.000019   0.000004
  C@          0     0.000000    0.000000  0.000000   0.000000   0.000000
  CT         11     1.041393    0.201320  0.000002   0.000213   0.000034
  CU       6885     3.837904    0.741935  0.001111   0.133136   0.010901
  C"       1003     3.001301    0.580205  0.000162   0.019395   0.002038
  CV          8     0.903090    0.174583  0.000001   0.000155   0.000025
  CY          1     0.000000    0.000000  0.000000   0.000019   0.000004
  CZ         45     1.653213    0.319595  0.000007   0.000870   0.000124
  Cb         33     1.518514    0.293556  0.000005   0.000638   0.000093

  ›A       9424     3.974235    0.768290  0.001520   0.140768   0.014233
  ›B        321     2.506505    0.484552  0.000052   0.004795   0.000737
  ›C         11     1.041393    0.201320  0.000002   0.000164   0.000034
  ››          5     0.698970    0.135123  0.000001   0.000075   0.000016
  ›D         25     1.397940    0.270247  0.000004   0.000373   0.000072
  ›E       8758     3.942405    0.762137  0.001413   0.130820   0.013376
  ›F          0     0.000000    0.000000  0.000000   0.000000   0.000000
  ›G         50     1.698970    0.328441  0.000008   0.000747   0.000136
  ›!          1     0.000000    0.000000  0.000000   0.000015   0.000004
  ›H         30     1.477121    0.285554  0.000005   0.000448   0.000085
  ›I       7914     3.898396    0.753629  0.001277   0.118213   0.012274
  ›$      12313     4.090364    0.790740  0.001986   0.183922   0.017829
  ›J          0     0.000000    0.000000  0.000000   0.000000   0.000000
  ›K        255     2.406540    0.465227  0.000041   0.003809   0.000599
  ›L       2316     3.364738    0.650464  0.000374   0.034595   0.004254
  ›M       1589     3.201124    0.618834  0.000256   0.023735   0.003058
  ›N          6     0.778151    0.150430  0.000001   0.000090   0.000019
  ›O      10020     4.000868    0.773439  0.001617   0.149671   0.014990
  ›#        748     2.873902    0.555576  0.000121   0.011173   0.001571
  ›P          5     0.698970    0.135123  0.000001   0.000075   0.000016
  ›R        193     2.285557    0.441839  0.000031   0.002883   0.000466
  ›S        214     2.330414    0.450510  0.000035   0.003197   0.000512
  ›@          1     0.000000    0.000000  0.000000   0.000015   0.000004
  ›T       1633     3.212986    0.621127  0.000263   0.024392   0.003132
  ›U        901     2.954725    0.571201  0.000145   0.013458   0.001853
  ›"       3014     3.479143    0.672580  0.000486   0.045021   0.005352
  ›V          0     0.000000    0.000000  0.000000   0.000000   0.000000
  ›Y         22     1.342423    0.259514  0.000004   0.000329   0.000064
  ›Z          0     0.000000    0.000000  0.000000   0.000000   0.000000
  ›b       7178     3.856004    0.745434  0.001158   0.107219   0.011295

  DA      57747     4.761529    0.920488  0.009316   0.222967   0.062847
  DB         81     1.908485    0.368944  0.000013   0.000313   0.000212
  DC          5     0.698970    0.135123  0.000001   0.000019   0.000016
  D›          2     0.301030    0.058194  0.000000   0.000008   0.000007
  DD        886     2.947434    0.569791  0.000143   0.003421   0.001826
  DE      66346     4.821815    0.932142  0.010703   0.256168   0.070062
  DF          0     0.000000    0.000000  0.000000   0.000000   0.000000
  DG          5     0.698970    0.135123  0.000001   0.000019   0.000016
  D!         10     1.000000    0.193318  0.000002   0.000039   0.000031
  DH         21     1.322219    0.255608  0.000003   0.000081   0.000062
  DI      31611     4.499838    0.869898  0.005100   0.122053   0.038836
  D$      51053     4.708021    0.910144  0.008236   0.197120   0.057026
  DJ          0     0.000000    0.000000  0.000000   0.000000   0.000000
  DK          7     0.845098    0.163372  0.000001   0.000027   0.000022
  DL        231     2.363612    0.456928  0.000037   0.000892   0.000548
  DM         24     1.380211    0.266819  0.000004   0.000093   0.000070
  DN         11     1.041393    0.201320  0.000002   0.000042   0.000034
  DO       7020     3.846337    0.743565  0.001133   0.027105   0.011083
  D#       3811     3.581039    0.692278  0.000615   0.014715   0.006559
  DP          2     0.301030    0.058194  0.000000   0.000008   0.000007
  DR        391     2.592177    0.501114  0.000063   0.001510   0.000880
  DS         38     1.579784    0.305400  0.000006   0.000147   0.000106
  D@          0     0.000000    0.000000  0.000000   0.000000   0.000000
  DT          1     0.000000    0.000000  0.000000   0.000004   0.000004
  DU      26302     4.419989    0.854462  0.004243   0.101554   0.033439
  D"      12662     4.102502    0.793086  0.002043   0.048889   0.018252
  DV          1     0.000000    0.000000  0.000000   0.000004   0.000004
  DY        111     2.045323    0.395397  0.000018   0.000429   0.000282
  DZ          0     0.000000    0.000000  0.000000   0.000000   0.000000
  Db        615     2.788875    0.539139  0.000099   0.002375   0.001319

  EA        174     2.240549    0.433138  0.000028   0.000363   0.000424
  EB       3087     3.489537    0.674589  0.000498   0.006441   0.005464
  EC       8909     3.949829    0.763572  0.001437   0.018589   0.013571
  E›       4280     3.631444    0.702022  0.000690   0.008930   0.007250
  ED      22022     4.342857    0.839551  0.003553   0.045950   0.028908
  EE         44     1.643453    0.317709  0.000007   0.000092   0.000121
  EF       3644     3.561578    0.688516  0.000588   0.007603   0.006309
  EG        308     2.488551    0.481081  0.000050   0.000643   0.000710
  E!      10406     4.017284    0.776612  0.001679   0.021713   0.015476
  EH       2653     3.423737    0.661869  0.000428   0.005536   0.004789
  EI          1     0.000000    0.000000  0.000000   0.000002   0.000004
  E$        113     2.053078    0.396896  0.000018   0.000236   0.000287
  EJ        107     2.029384    0.392316  0.000017   0.000223   0.000273
  EK      30417     4.483116    0.866666  0.004907   0.063466   0.037642
  EL      31025     4.491712    0.868327  0.005005   0.064735   0.038251
  EM      20884     4.319814    0.835097  0.003369   0.043575   0.027672
  EN      66849     4.825095    0.932776  0.010785   0.139483   0.070476
  EO         76     1.880814    0.363595  0.000012   0.000159   0.000200
  E#          5     0.698970    0.135123  0.000001   0.000010   0.000016
  EP       3359     3.526210    0.681679  0.000542   0.007009   0.005879
  ER      81595     4.911664    0.949512  0.013164   0.170251   0.082237
  ES      17102     4.233047    0.818323  0.002759   0.035684   0.023456
  E@       6912     3.839604    0.742263  0.001115   0.014422   0.010938
  ET      20915     4.320458    0.835221  0.003374   0.043640   0.027706
  EU         15     1.176091    0.227359  0.000002   0.000031   0.000045
  E"          5     0.698970    0.135123  0.000001   0.000010   0.000016
  EV      12068     4.081635    0.789052  0.001947   0.025180   0.017531
  EY      20556     4.312939    0.833767  0.003316   0.042891   0.027313
  EZ       5104     3.707911    0.716805  0.000823   0.010650   0.008437
  Eb      106628     5.027871    0.971977  0.017202   0.222483   0.100826

  FA       6596     3.819281    0.738335  0.001064   0.284225   0.010509
  FB          1     0.000000    0.000000  0.000000   0.000043   0.000004
  FC         10     1.000000    0.193318  0.000002   0.000431   0.000031
  F›         87     1.939519    0.374943  0.000014   0.003749   0.000226
  FD         24     1.380211    0.266819  0.000004   0.001034   0.000070
  FE       4973     3.696619    0.714622  0.000802   0.214289   0.008250
  FF        443     2.646404    0.511597  0.000071   0.019089   0.000984
  FG          8     0.903090    0.174583  0.000001   0.000345   0.000025
  F!          0     0.000000    0.000000  0.000000   0.000000   0.000000
  FH         16     1.204120    0.232778  0.000003   0.000689   0.000048
  FI       2329     3.367169    0.650934  0.000376   0.100358   0.004275
  F$       2312     3.363988    0.650318  0.000373   0.099625   0.004248
  FJ          1     0.000000    0.000000  0.000000   0.000043   0.000004
  FK        375     2.574031    0.497606  0.000060   0.016159   0.000848
  FL        604     2.781037    0.537624  0.000097   0.026027   0.001298
  FM          4     0.602060    0.116389  0.000001   0.000172   0.000013
  FN         26     1.414973    0.273539  0.000004   0.001120   0.000075
  FO        363     2.559907    0.494875  0.000059   0.015642   0.000823
  F#        119     2.075547    0.401240  0.000019   0.005128   0.000301
  FP          1     0.000000    0.000000  0.000000   0.000043   0.000004
  FR        700     2.845098    0.550008  0.000113   0.030163   0.001481
  FS        167     2.222717    0.429690  0.000027   0.007196   0.000409
  F@         27     1.431364    0.276708  0.000004   0.001163   0.000078
  FT       1509     3.178689    0.614497  0.000243   0.065023   0.002922
  FU        382     2.582063    0.499159  0.000062   0.016461   0.000862
  F"        139     2.143015    0.414283  0.000022   0.005990   0.000346
  FV          1     0.000000    0.000000  0.000000   0.000043   0.000004
  FY         47     1.672098    0.323246  0.000008   0.002025   0.000129
  FZ          3     0.477121    0.092236  0.000000   0.000129   0.000010
  Fb       1940     3.287802    0.635590  0.000313   0.083595   0.003644

  GA       3709     3.569257    0.690001  0.000598   0.052120   0.006406
  GB          2     0.301030    0.058194  0.000000   0.000028   0.000007
  GC          0     0.000000    0.000000  0.000000   0.000000   0.000000
  G›          0     0.000000    0.000000  0.000000   0.000000   0.000000
  GD          6     0.778151    0.150430  0.000001   0.000084   0.000019
  GE      21463     4.331690    0.837393  0.003463   0.301603   0.028303
  GF          0     0.000000    0.000000  0.000000   0.000000   0.000000
  GG          4     0.602060    0.116389  0.000001   0.000056   0.000013
  G!          6     0.778151    0.150430  0.000001   0.000084   0.000019
  GH          2     0.301030    0.058194  0.000000   0.000028   0.000007
  GI       1600     3.204120    0.619413  0.000258   0.022484   0.003077
  G$      16905     4.228015    0.817350  0.002727   0.237553   0.023232
  GJ          0     0.000000    0.000000  0.000000   0.000000   0.000000
  GK          0     0.000000    0.000000  0.000000   0.000000   0.000000
  GL         35     1.544068    0.298496  0.000006   0.000492   0.000098
  GM          5     0.698970    0.135123  0.000001   0.000070   0.000016
  GN          4     0.602060    0.116389  0.000001   0.000056   0.000013
  GO        283     2.451787    0.473974  0.000046   0.003977   0.000658
  G#      14340     4.156549    0.803535  0.002313   0.201509   0.020256
  GP          0     0.000000    0.000000  0.000000   0.000000   0.000000
  GR        193     2.285557    0.441839  0.000031   0.002712   0.000466
  GS          5     0.698970    0.135123  0.000001   0.000070   0.000016
  G@          1     0.000000    0.000000  0.000000   0.000014   0.000004
  GT          6     0.778151    0.150430  0.000001   0.000084   0.000019
  GU       1774     3.248954    0.628080  0.000286   0.024929   0.003369
  G"      10781     4.032659    0.779584  0.001739   0.151497   0.015944
  GV          2     0.301030    0.058194  0.000000   0.000028   0.000007
  GY          3     0.477121    0.092236  0.000000   0.000042   0.000010
  GZ          5     0.698970    0.135123  0.000001   0.000070   0.000016
  Gb         29     1.462398    0.282707  0.000005   0.000408   0.000083

  !A       5157     3.712397    0.717672  0.000832   0.085956   0.008512
  !B         10     1.000000    0.193318  0.000002   0.000167   0.000031
  !C         15     1.176091    0.227359  0.000002   0.000250   0.000045
  !›          2     0.301030    0.058194  0.000000   0.000033   0.000007
  !D        575     2.759668    0.533493  0.000093   0.009584   0.001243
  !E       2591     3.413467    0.659884  0.000418   0.043186   0.004692
  !F         50     1.698970    0.328441  0.000008   0.000833   0.000136
  !G          0     0.000000    0.000000  0.000000   0.000000   0.000000
  !!          2     0.301030    0.058194  0.000000   0.000033   0.000007
  !H          2     0.301030    0.058194  0.000000   0.000033   0.000007
  !I      15174     4.181100    0.808281  0.002448   0.252917   0.021234
  !$      15218     4.182358    0.808524  0.002455   0.253650   0.021286
  !J          0     0.000000    0.000000  0.000000   0.000000   0.000000
  !K          5     0.698970    0.135123  0.000001   0.000083   0.000016
  !L       4568     3.659726    0.707490  0.000737   0.076138   0.007669
  !M        861     2.935003    0.567388  0.000139   0.014351   0.001780
  !N        230     2.361728    0.456564  0.000037   0.003834   0.000546
  !O         41     1.612784    0.311780  0.000007   0.000683   0.000114
  !#          0     0.000000    0.000000  0.000000   0.000000   0.000000
  !P          0     0.000000    0.000000  0.000000   0.000000   0.000000
  !R       4813     3.682416    0.711876  0.000776   0.080222   0.008022
  !S        248     2.394452    0.462890  0.000040   0.004134   0.000585
  !@          6     0.778151    0.150430  0.000001   0.000100   0.000019
  !T          6     0.778151    0.150430  0.000001   0.000100   0.000019
  !U       7422     3.870521    0.748240  0.001197   0.123708   0.011622
  !"       1851     3.267406    0.631648  0.000299   0.030852   0.003497
  !V          3     0.477121    0.092236  0.000000   0.000050   0.000010
  !Y          3     0.477121    0.092236  0.000000   0.000050   0.000010
  !Z        575     2.759668    0.533493  0.000093   0.009584   0.001243
  !b        568     2.754348    0.532464  0.000092   0.009467   0.001229

  HA      24858     4.395466    0.849721  0.004010   0.410523   0.031930
  HB        212     2.326336    0.449722  0.000034   0.003501   0.000507
  HC         23     1.361728    0.263246  0.000004   0.000380   0.000067
  H›        629     2.798651    0.541029  0.000101   0.010388   0.001346
  HD         51     1.707570    0.330104  0.000008   0.000842   0.000139
  HE      11510     4.061075    0.785078  0.001857   0.190085   0.016847
  HF         19     1.278754    0.247206  0.000003   0.000314   0.000056
  HG          0     0.000000    0.000000  0.000000   0.000000   0.000000
  H!          4     0.602060    0.116389  0.000001   0.000066   0.000013
  HH         81     1.908485    0.368944  0.000013   0.001338   0.000212
  HI       1782     3.250908    0.628458  0.000287   0.029429   0.003382
  H$       6762     3.830075    0.740421  0.001091   0.111673   0.010735
  HJ          0     0.000000    0.000000  0.000000   0.000000   0.000000
  HK        367     2.564666    0.495795  0.000059   0.006061   0.000831
  HL       1139     3.056524    0.590880  0.000184   0.018810   0.002280
  HM        974     2.988559    0.577741  0.000157   0.016085   0.001985
  HN        137     2.136721    0.413066  0.000022   0.002263   0.000342
  HO       1608     3.206286    0.619832  0.000259   0.026556   0.003090
  H#         65     1.812913    0.350468  0.000010   0.001073   0.000173
  HP         93     1.968483    0.380543  0.000015   0.001536   0.000240
  HR        989     2.995196    0.579024  0.000160   0.016333   0.002013
  HS        743     2.870989    0.555013  0.000120   0.012270   0.001561
  H@        145     2.161368    0.417831  0.000023   0.002395   0.000360
  HT       1594     3.202488    0.619098  0.000257   0.026324   0.003067
  HU       1425     3.153815    0.609688  0.000230   0.023533   0.002779
  H"       1151     3.061075    0.591760  0.000186   0.019008   0.002302
  HV        436     2.639487    0.510260  0.000070   0.007200   0.000970
  HY         54     1.732394    0.334902  0.000009   0.000892   0.000146
  HZ        341     2.532754    0.489626  0.000055   0.005632   0.000778
  Hb       3360     3.526339    0.681704  0.000542   0.055489   0.005881

  IA         48     1.681241    0.325014  0.000008   0.000173   0.000131
  IB        204     2.309630    0.446492  0.000033   0.000737   0.000490
  IC       1466     3.166134    0.612070  0.000237   0.005294   0.002849
  I›        538     2.730782    0.527909  0.000087   0.001943   0.001171
  ID       2056     3.313023    0.640466  0.000332   0.007424   0.003834
  IE          4     0.602060    0.116389  0.000001   0.000014   0.000013
  IF        512     2.709270    0.523750  0.000083   0.001849   0.001120
  IG         35     1.544068    0.298496  0.000006   0.000126   0.000098
  I!       7781     3.891035    0.752206  0.001255   0.028098   0.012098
  IH        131     2.117271    0.409306  0.000021   0.000473   0.000328
  II          0     0.000000    0.000000  0.000000   0.000000   0.000000
  I$         15     1.176091    0.227359  0.000002   0.000054   0.000045
  IJ          0     0.000000    0.000000  0.000000   0.000000   0.000000
  IK      17964     4.254403    0.822451  0.002898   0.064869   0.024433
  IL      16654     4.221519    0.816094  0.002687   0.060139   0.022945
  IM      16722     4.223288    0.816436  0.002698   0.060384   0.023022
  IN      61719     4.790419    0.926073  0.009957   0.222872   0.066215
  IO         14     1.146128    0.221567  0.000002   0.000051   0.000042
  I#          1     0.000000    0.000000  0.000000   0.000004   0.000004
  IP       4154     3.618466    0.699514  0.000670   0.015000   0.007066
  IR      25181     4.401073    0.850805  0.004062   0.090930   0.032269
  IS       5311     3.725176    0.720143  0.000857   0.019178   0.008730
  I@      17298     4.237996    0.819280  0.002791   0.062464   0.023679
  IT       1249     3.096562    0.598620  0.000201   0.004510   0.002474
  IU          0     0.000000    0.000000  0.000000   0.000000   0.000000
  I"          1     0.000000    0.000000  0.000000   0.000004   0.000004
  IV        619     2.791691    0.539683  0.000100   0.002235   0.001327
  IY      13674     4.135896    0.799542  0.002206   0.049378   0.019466
  IZ      12232     4.087497    0.790186  0.001973   0.044171   0.017731
  Ib      71343     4.853352    0.938239  0.011510   0.257625   0.074133

  $A        336     2.526339    0.488386  0.000054   0.000763   0.000768
  $B       6766     3.830332    0.740471  0.001092   0.015368   0.010740
  $C       1673     3.223496    0.623159  0.000270   0.003800   0.003200
  $›      13662     4.135514    0.799468  0.002204   0.031030   0.019452
  $D       6811     3.833211    0.741028  0.001099   0.015470   0.010801
  $E         33     1.518514    0.293556  0.000005   0.000075   0.000093
  $F       2571     3.410102    0.659233  0.000415   0.005840   0.004660
  $G        334     2.523746    0.487885  0.000054   0.000759   0.000764
  $!       7965     3.901186    0.754168  0.001285   0.018091   0.012341
  $H       2362     3.373280    0.652115  0.000381   0.005365   0.004328
  $I          3     0.477121    0.092236  0.000000   0.000007   0.000010
  $$        504     2.702430    0.522428  0.000081   0.001145   0.001105
  $J         21     1.322219    0.255608  0.000003   0.000048   0.000062
  $K      16007     4.204310    0.812768  0.002582   0.036357   0.022201
  $L      33775     4.528595    0.875458  0.005449   0.076713   0.040974
  $M      26020     4.415308    0.853557  0.004198   0.059099   0.033146
  $N      73141     4.864161    0.940328  0.011800   0.166125   0.075578
  $O         38     1.579784    0.305400  0.000006   0.000086   0.000106
  $#          2     0.301030    0.058194  0.000000   0.000005   0.000007
  $P       4007     3.602819    0.696489  0.000646   0.009101   0.006849
  $R      60582     4.782343    0.924512  0.009774   0.137600   0.065257
  $S      12775     4.106361    0.793832  0.002061   0.029016   0.018389
  $@      20791     4.317875    0.834722  0.003354   0.047223   0.027571
  $T       8639     3.936463    0.760988  0.001394   0.019622   0.013222
  $U          8     0.903090    0.174583  0.000001   0.000018   0.000025
  $"          6     0.778151    0.150430  0.000001   0.000014   0.000019
  $V       1042     3.017868    0.583407  0.000168   0.002367   0.002108
  $Y      26384     4.421340    0.854723  0.004256   0.059926   0.033524
  $Z      14328     4.156186    0.803464  0.002312   0.032543   0.020242
  $b      99691     4.998656    0.966329  0.016083   0.226428   0.095827

  JA        222     2.346353    0.453592  0.000036   0.308762   0.000529
  JB          1     0.000000    0.000000  0.000000   0.001391   0.000004
  JC          3     0.477121    0.092236  0.000000   0.004172   0.000010
  J›          0     0.000000    0.000000  0.000000   0.000000   0.000000
  JD         96     1.982271    0.383208  0.000015   0.133519   0.000247
  JE         80     1.903090    0.367901  0.000013   0.111266   0.000210
  JF          0     0.000000    0.000000  0.000000   0.000000   0.000000
  JG          0     0.000000    0.000000  0.000000   0.000000   0.000000
  J!          0     0.000000    0.000000  0.000000   0.000000   0.000000
  JH          0     0.000000    0.000000  0.000000   0.000000   0.000000
  JI         18     1.255273    0.242666  0.000003   0.025035   0.000053
  J$        152     2.181844    0.421789  0.000025   0.211405   0.000376
  JJ          0     0.000000    0.000000  0.000000   0.000000   0.000000
  JK          0     0.000000    0.000000  0.000000   0.000000   0.000000
  JL         21     1.322219    0.255608  0.000003   0.029207   0.000062
  JM          2     0.301030    0.058194  0.000000   0.002782   0.000007
  JN          0     0.000000    0.000000  0.000000   0.000000   0.000000
  JO          8     0.903090    0.174583  0.000001   0.011127   0.000025
  J#          0     0.000000    0.000000  0.000000   0.000000   0.000000
  JP          0     0.000000    0.000000  0.000000   0.000000   0.000000
  JR          0     0.000000    0.000000  0.000000   0.000000   0.000000
  JS          1     0.000000    0.000000  0.000000   0.001391   0.000004
  J@          0     0.000000    0.000000  0.000000   0.000000   0.000000
  JT          0     0.000000    0.000000  0.000000   0.000000   0.000000
  JU         23     1.361728    0.263246  0.000004   0.031989   0.000067
  J"          3     0.477121    0.092236  0.000000   0.004172   0.000010
  JV          1     0.000000    0.000000  0.000000   0.001391   0.000004
  JY          1     0.000000    0.000000  0.000000   0.001391   0.000004
  JZ          0     0.000000    0.000000  0.000000   0.000000   0.000000
  Jb         87     1.939519    0.374943  0.000014   0.121001   0.000226

  KA      52550     4.720573    0.912570  0.008478   0.209571   0.058345
  KB        251     2.399674    0.463899  0.000040   0.001001   0.000591
  KC         49     1.690196    0.326745  0.000008   0.000195   0.000134
  K›       1410     3.149219    0.608800  0.000227   0.005623   0.002753
  KD        153     2.184691    0.422340  0.000025   0.000610   0.000378
  KE      18524     4.267735    0.825029  0.002988   0.073874   0.025062
  KF         17     1.230449    0.237868  0.000003   0.000068   0.000051
  KG         20     1.301030    0.251512  0.000003   0.000080   0.000059
  K!          3     0.477121    0.092236  0.000000   0.000012   0.000010
  KH         28     1.447158    0.279761  0.000005   0.000112   0.000080
  KI      17593     4.245340    0.820699  0.002838   0.070162   0.024014
  K$      25141     4.400383    0.850672  0.004056   0.100263   0.032227
  KJ          0     0.000000    0.000000  0.000000   0.000000   0.000000
  KK       1634     3.213252    0.621179  0.000264   0.006516   0.003134
  KL      20198     4.305308    0.832292  0.003258   0.080550   0.026920
  KM       3888     3.589726    0.693958  0.000627   0.015505   0.006673
  KN        190     2.278754    0.440523  0.000031   0.000758   0.000460
  KO      11954     4.077513    0.788256  0.001929   0.047673   0.017392
  K#       3822     3.582291    0.692520  0.000617   0.015242   0.006575
  KP         19     1.278754    0.247206  0.000003   0.000076   0.000056
  KR       1408     3.148603    0.608681  0.000227   0.005615   0.002749
  KS       4011     3.603253    0.696573  0.000647   0.015996   0.006855
  K@        861     2.935003    0.567388  0.000139   0.003434   0.001780
  KT      15471     4.189518    0.809908  0.002496   0.061699   0.021580
  KU      11404     4.057057    0.784301  0.001840   0.045480   0.016717
  K"       5328     3.726564    0.720411  0.000860   0.021248   0.008754
  KV         37     1.568202    0.303161  0.000006   0.000148   0.000104
  KY        106     2.025306    0.391528  0.000017   0.000423   0.000271
  KZ          5     0.698970    0.135123  0.000001   0.000020   0.000016
  Kb      54675     4.737789    0.915899  0.008821   0.218046   0.060200

  LA      84782     4.928304    0.952728  0.013678   0.277109   0.084693
  LB       1063     3.026533    0.585083  0.000171   0.003474   0.002145
  LC        578     2.761928    0.533930  0.000093   0.001889   0.001248
  L›        588     2.769377    0.535370  0.000095   0.001922   0.001268
  LD      17288     4.237745    0.819231  0.002789   0.056506   0.023668
  LE      69300     4.840733    0.935799  0.011180   0.226506   0.072479
  LF        100     2.000000    0.386635  0.000016   0.000327   0.000257
  LG       2009     3.302980    0.638525  0.000324   0.006566   0.003757
  L!         38     1.579784    0.305400  0.000006   0.000124   0.000106
  LH        271     2.432969    0.470336  0.000044   0.000886   0.000633
  LI      25035     4.398548    0.850317  0.004039   0.081827   0.032116
  L$      32224     4.508180    0.871511  0.005199   0.105324   0.039445
  LJ          0     0.000000    0.000000  0.000000   0.000000   0.000000
  LK       4444     3.647774    0.705179  0.000717   0.014525   0.007489
  LL       8984     3.953470    0.764276  0.001449   0.029364   0.013668
  LM      15466     4.189378    0.809881  0.002495   0.050550   0.021574
  LN       1139     3.056524    0.590880  0.000184   0.003723   0.002280
  LO       1104     3.042969    0.588260  0.000178   0.003608   0.002218
  L#         35     1.544068    0.298496  0.000006   0.000114   0.000098
  LP        132     2.120574    0.409945  0.000021   0.000431   0.000330
  LR         64     1.806180    0.349167  0.000010   0.000209   0.000171
  LS       2485     3.395326    0.656377  0.000401   0.008122   0.004524
  L@         19     1.278754    0.247206  0.000003   0.000062   0.000056
  LT       4125     3.615424    0.698925  0.000665   0.013483   0.007023
  LU      13579     4.132868    0.798957  0.002191   0.044383   0.019353
  L"       6106     3.785757    0.731854  0.000985   0.019957   0.009838
  LV        439     2.642465    0.510835  0.000071   0.001435   0.000976
  LY        536     2.729165    0.527596  0.000086   0.001752   0.001167
  LZ         46     1.662758    0.321441  0.000007   0.000150   0.000126
  Lb      13973     4.145289    0.801358  0.002254   0.045671   0.019822

  MA      43760     4.641078    0.897202  0.007060   0.219618   0.050450
  MB        978     2.990339    0.578085  0.000158   0.004908   0.001993
  MC        503     2.701568    0.522261  0.000081   0.002524   0.001103
  M›         42     1.623249    0.313803  0.000007   0.000211   0.000116
  MD       5226     3.718169    0.718788  0.000843   0.026228   0.008610
  ME      33842     4.529456    0.875624  0.005460   0.169843   0.041040
  MF         14     1.146128    0.221567  0.000002   0.000070   0.000042
  MG         44     1.643453    0.317709  0.000007   0.000221   0.000121
  M!          5     0.698970    0.135123  0.000001   0.000025   0.000016
  MH         51     1.707570    0.330104  0.000008   0.000256   0.000139
  MI      19551     4.291169    0.829559  0.003154   0.098120   0.026206
  M$      24871     4.395693    0.849765  0.004012   0.124820   0.031944
  MJ          0     0.000000    0.000000  0.000000   0.000000   0.000000
  MK        474     2.675778    0.517275  0.000076   0.002379   0.001046
  ML       5079     3.705778    0.716393  0.000819   0.025490   0.008401
  MM        623     2.794488    0.540224  0.000101   0.003127   0.001335
  MN        255     2.406540    0.465227  0.000041   0.001280   0.000599
  MO        556     2.745075    0.530672  0.000090   0.002790   0.001206
  M#          3     0.477121    0.092236  0.000000   0.000015   0.000010
  MP        230     2.361728    0.456564  0.000037   0.001154   0.000546
  MR        614     2.788168    0.539002  0.000099   0.003081   0.001318
  MS       2576     3.410946    0.659396  0.000416   0.012928   0.004668
  M@        329     2.517196    0.486619  0.000053   0.001651   0.000754
  MT        157     2.195900    0.424506  0.000025   0.000788   0.000387
  MU      12884     4.110051    0.794546  0.002079   0.064661   0.018520
  M"       5478     3.738622    0.722742  0.000884   0.027492   0.008965
  MV         30     1.477121    0.285554  0.000005   0.000151   0.000085
  MY        140     2.146128    0.414885  0.000023   0.000703   0.000349
  MZ        278     2.444045    0.472477  0.000045   0.001395   0.000648
  Mb      40662     4.609189    0.891038  0.006560   0.204070   0.047573

  NA      28019     4.447453    0.859771  0.004520   0.072855   0.035210
  NB       1247     3.095866    0.598486  0.000201   0.003242   0.002470
  NC       9603     3.982407    0.769870  0.001549   0.024970   0.014461
  N›       2167     3.335859    0.644881  0.000350   0.005635   0.004014
  ND      43527     4.638759    0.896754  0.007022   0.113179   0.050235
  NE      32968     4.518093    0.873427  0.005319   0.085724   0.040181
  NF        121     2.082785    0.402639  0.000020   0.000315   0.000305
  NG       2412     3.382377    0.653873  0.000389   0.006272   0.004408
  N!         18     1.255273    0.242666  0.000003   0.000047   0.000053
  NH         54     1.732394    0.334902  0.000009   0.000140   0.000146
  NI      31296     4.495489    0.869058  0.005049   0.081376   0.038522
  N$      32260     4.508664    0.871605  0.005204   0.083883   0.039481
  NJ         13     1.113943    0.215345  0.000002   0.000034   0.000040
  NK       2667     3.426023    0.662311  0.000430   0.006935   0.004811
  NL      20713     4.316243    0.834406  0.003342   0.053858   0.027485
  NM       6944     3.841610    0.742651  0.001120   0.018056   0.010981
  NN       2487     3.395676    0.656444  0.000401   0.006467   0.004527
  NO        654     2.815578    0.544301  0.000106   0.001701   0.001394
  N#        153     2.184691    0.422340  0.000025   0.000398   0.000378
  NP         49     1.690196    0.326745  0.000008   0.000127   0.000134
  NR       4803     3.681513    0.711702  0.000775   0.012489   0.008007
  NS       3966     3.598353    0.695625  0.000640   0.010312   0.006789
  N@        157     2.195900    0.424506  0.000025   0.000408   0.000387
  NT       2369     3.374565    0.652363  0.000382   0.006160   0.004339
  NU      15586     4.192735    0.810530  0.002514   0.040527   0.021714
  N"       6258     3.796436    0.733918  0.001010   0.016272   0.010047
  NV         20     1.301030    0.251512  0.000003   0.000052   0.000059
  NY       1083     3.034628    0.586647  0.000175   0.002816   0.002181
  NZ        810     2.908485    0.562262  0.000131   0.002106   0.001686
  Nb      132161     5.121103    0.990000  0.021321   0.343646   0.118366

  OA          6     0.778151    0.150430  0.000001   0.000046   0.000019
  OB        676     2.829947    0.547079  0.000109   0.005183   0.001435
  OC       7274     3.861773    0.746549  0.001173   0.055771   0.011424
  O›        147     2.167317    0.418981  0.000024   0.001127   0.000364
  OD       1818     3.259594    0.630137  0.000293   0.013939   0.003442
  OE         18     1.255273    0.242666  0.000003   0.000138   0.000053
  OF        685     2.835690    0.548189  0.000111   0.005252   0.001452
  OG         91     1.959041    0.378717  0.000015   0.000698   0.000236
  O!       6031     3.780389    0.730816  0.000973   0.046240   0.009735
  OH        296     2.471292    0.477744  0.000048   0.002269   0.000685
  OI          3     0.477121    0.092236  0.000000   0.000023   0.000010
  O$         17     1.230449    0.237868  0.000003   0.000130   0.000051
  OJ         96     1.982271    0.383208  0.000015   0.000736   0.000247
  OK      11874     4.074597    0.787692  0.001916   0.091039   0.017294
  OL      24818     4.394767    0.849586  0.004004   0.190283   0.031888
  OM       1754     3.244030    0.627128  0.000283   0.013448   0.003335
  ON      18725     4.272422    0.825935  0.003021   0.143567   0.025287
  OO          1     0.000000    0.000000  0.000000   0.000008   0.000004
  O#          0     0.000000    0.000000  0.000000   0.000000   0.000000
  OP       2855     3.455606    0.668030  0.000461   0.021890   0.005105
  OR      34608     4.539176    0.877503  0.005583   0.265344   0.041789
  OS       1665     3.221414    0.622756  0.000269   0.012766   0.003186
  O@       2677     3.427648    0.662625  0.000432   0.020525   0.004827
  OT       2469     3.392521    0.655834  0.000398   0.018930   0.004499
  OU         17     1.230449    0.237868  0.000003   0.000130   0.000051
  O"          1     0.000000    0.000000  0.000000   0.000008   0.000004
  OV        498     2.697229    0.521422  0.000080   0.003818   0.001093
  OY       4533     3.656386    0.706844  0.000731   0.034755   0.007618
  OZ       1111     3.045714    0.588790  0.000179   0.008518   0.002231
  Ob       5663     3.753047    0.725530  0.000914   0.043419   0.009224

  #A          0     0.000000    0.000000  0.000000   0.000000   0.000000
  #B        508     2.705864    0.523091  0.000082   0.010959   0.001113
  #C         58     1.763428    0.340902  0.000009   0.001251   0.000156
  #›        141     2.149219    0.415482  0.000023   0.003042   0.000351
  #D        298     2.474216    0.478310  0.000048   0.006429   0.000690
  #E          2     0.301030    0.058194  0.000000   0.000043   0.000007
  #F        338     2.528917    0.488884  0.000055   0.007291   0.000772
  #G         20     1.301030    0.251512  0.000003   0.000431   0.000059
  #!       2508     3.399328    0.657150  0.000405   0.054103   0.004560
  #H         33     1.518514    0.293556  0.000005   0.000712   0.000093
  #I          0     0.000000    0.000000  0.000000   0.000000   0.000000
  #$          0     0.000000    0.000000  0.000000   0.000000   0.000000
  #J          0     0.000000    0.000000  0.000000   0.000000   0.000000
  #K       1227     3.088845    0.597128  0.000198   0.026469   0.002435
  #L       2842     3.453624    0.667647  0.000458   0.061308   0.005085
  #M        673     2.828015    0.546705  0.000109   0.014518   0.001430
  #N       7015     3.846028    0.743505  0.001132   0.151329   0.011076
  #O          0     0.000000    0.000000  0.000000   0.000000   0.000000
  ##          0     0.000000    0.000000  0.000000   0.000000   0.000000
  #P        925     2.966142    0.573408  0.000149   0.019954   0.001897
  #R       8781     3.943544    0.762357  0.001417   0.189425   0.013406
  #S       1403     3.147058    0.608382  0.000226   0.030266   0.002741
  #@        585     2.767156    0.534940  0.000094   0.012620   0.001262
  #T       1907     3.280351    0.634150  0.000308   0.041138   0.003589
  #U          0     0.000000    0.000000  0.000000   0.000000   0.000000
  #"          0     0.000000    0.000000  0.000000   0.000000   0.000000
  #V        701     2.845718    0.550128  0.000113   0.015122   0.001483
  #Y       9090     3.958564    0.765261  0.001466   0.196091   0.013804
  #Z       7301     3.863382    0.746860  0.001178   0.157498   0.011460
  #b          0     0.000000    0.000000  0.000000   0.000000   0.000000

  PA       8826     3.945764    0.762786  0.001424   0.210113   0.013464
  PB          4     0.602060    0.116389  0.000001   0.000095   0.000013
  PC         10     1.000000    0.193318  0.000002   0.000238   0.000031
  P›        128     2.107210    0.407361  0.000021   0.003047   0.000321
  PD         41     1.612784    0.311780  0.000007   0.000976   0.000114
  PE       4620     3.664642    0.708440  0.000745   0.109984   0.007744
  PF          0     0.000000    0.000000  0.000000   0.000000   0.000000
  PG          2     0.301030    0.058194  0.000000   0.000048   0.000007
  P!          1     0.000000    0.000000  0.000000   0.000024   0.000004
  PH        378     2.577492    0.498275  0.000061   0.008999   0.000854
  PI       3710     3.569374    0.690023  0.000599   0.088321   0.006408
  P$       1346     3.129045    0.604900  0.000217   0.032043   0.002642
  PJ          0     0.000000    0.000000  0.000000   0.000000   0.000000
  PK        443     2.646404    0.511597  0.000071   0.010546   0.000984
  PL       3161     3.499825    0.676578  0.000510   0.075251   0.005578
  PM       1049     3.020776    0.583969  0.000169   0.024973   0.002120
  PN         33     1.518514    0.293556  0.000005   0.000786   0.000093
  PO        861     2.935003    0.567388  0.000139   0.020497   0.001780
  P#         15     1.176091    0.227359  0.000002   0.000357   0.000045
  PP         24     1.380211    0.266819  0.000004   0.000571   0.000070
  PR       1807     3.256958    0.629628  0.000292   0.043018   0.003424
  PS       1075     3.031409    0.586025  0.000173   0.025592   0.002167
  P@          6     0.778151    0.150430  0.000001   0.000143   0.000019
  PT       1815     3.258877    0.629999  0.000293   0.043208   0.003437
  PU        634     2.802089    0.541694  0.000102   0.015093   0.001356
  P"        374     2.572872    0.497382  0.000060   0.008903   0.000846
  PV          1     0.000000    0.000000  0.000000   0.000024   0.000004
  PY         57     1.755875    0.339442  0.000009   0.001357   0.000154
  PZ          3     0.477121    0.092236  0.000000   0.000071   0.000010
  Pb      11582     4.063784    0.785601  0.001868   0.275723   0.016936

  RA      42803     4.631474    0.895346  0.006905   0.115749   0.049567
  RB       1712     3.233504    0.625094  0.000276   0.004630   0.003265
  RC       1944     3.288696    0.635763  0.000314   0.005257   0.003650
  R›       1855     3.268344    0.631829  0.000299   0.005016   0.003503
  RD      35669     4.552291    0.880038  0.005754   0.096457   0.042819
  RE      24306     4.385714    0.847836  0.003921   0.065729   0.031348
  RF        278     2.444045    0.472477  0.000045   0.000752   0.000648
  RG       2038     3.309204    0.639728  0.000329   0.005511   0.003804
  R!         15     1.176091    0.227359  0.000002   0.000041   0.000045
  RH        882     2.945469    0.569411  0.000142   0.002385   0.001818
  RI      31710     4.501196    0.870161  0.005116   0.085751   0.038935
  R$      36895     4.566967    0.882876  0.005952   0.099772   0.044001
  RJ         33     1.518514    0.293556  0.000005   0.000089   0.000093
  RK      10283     4.012120    0.775614  0.001659   0.027807   0.015321
  RL      16761     4.224300    0.816632  0.002704   0.045325   0.023067
  RM      13863     4.141857    0.800694  0.002236   0.037489   0.019691
  RN       1034     3.014521    0.582760  0.000167   0.002796   0.002093
  RO       1328     3.123198    0.603770  0.000214   0.003591   0.002611
  R#         28     1.447158    0.279761  0.000005   0.000076   0.000080
  RP       1238     3.092721    0.597878  0.000200   0.003348   0.002455
  RR        342     2.534026    0.489872  0.000055   0.000925   0.000780
  RS       7904     3.897847    0.753523  0.001275   0.021374   0.012261
  R@       3360     3.526339    0.681704  0.000542   0.009086   0.005881
  RT       9051     3.956697    0.764900  0.001460   0.024476   0.013754
  RU      14590     4.164055    0.804986  0.002354   0.039455   0.020550
  R"       6883     3.837778    0.741910  0.001110   0.018613   0.010898
  RV        369     2.567026    0.496252  0.000060   0.000998   0.000836
  RY        377     2.576341    0.498052  0.000061   0.001019   0.000852
  RZ        440     2.643453    0.511026  0.000071   0.001190   0.000978
  Rb      101802     5.007756    0.968088  0.016423   0.275295   0.097360

  SA      26035     4.415557    0.853606  0.004200   0.165900   0.033162
  SB        298     2.474216    0.478310  0.000048   0.001899   0.000690
  SC         55     1.740363    0.336443  0.000009   0.000350   0.000149
  S›         42     1.623249    0.313803  0.000007   0.000268   0.000116
  SD         50     1.698970    0.328441  0.000008   0.000319   0.000136
  SE      23053     4.362728    0.843392  0.003719   0.146898   0.030016
  SF         40     1.602060    0.309707  0.000006   0.000255   0.000111
  SG         23     1.361728    0.263246  0.000004   0.000147   0.000067
  S!          1     0.000000    0.000000  0.000000   0.000006   0.000004
  SH         58     1.763428    0.340902  0.000009   0.000370   0.000156
  SI      24900     4.396199    0.849863  0.004017   0.158667   0.031974
  S$      23251     4.366442    0.844111  0.003751   0.148160   0.030228
  SJ          1     0.000000    0.000000  0.000000   0.000006   0.000004
  SK       2792     3.445915    0.666157  0.000450   0.017791   0.005007
  SL       3257     3.512818    0.679090  0.000525   0.020754   0.005724
  SM       1652     3.218010    0.622098  0.000267   0.010527   0.003164
  SN        278     2.444045    0.472477  0.000045   0.001771   0.000648
  SO      11461     4.059223    0.784720  0.001849   0.073032   0.016787
  S#       5552     3.744449    0.723868  0.000896   0.035378   0.009069
  SP        255     2.406540    0.465227  0.000041   0.001625   0.000599
  SR        342     2.534026    0.489872  0.000055   0.002179   0.000780
  SS       1161     3.064832    0.592486  0.000187   0.007398   0.002319
  S@          1     0.000000    0.000000  0.000000   0.000006   0.000004
  ST      13649     4.135101    0.799388  0.002202   0.086974   0.019437
  SU      10033     4.001431    0.773547  0.001619   0.063932   0.015006
  S"       4687     3.670895    0.709649  0.000756   0.029866   0.007840
  SV        167     2.222717    0.429690  0.000027   0.001064   0.000409
  SY        575     2.759668    0.533493  0.000093   0.003664   0.001243
  SZ          5     0.698970    0.135123  0.000001   0.000032   0.000016
  Sb       3258     3.512951    0.679116  0.000526   0.020761   0.005726

  @A      10643     4.027064    0.778503  0.001717   0.103124   0.015772
  @B        157     2.195900    0.424506  0.000025   0.001521   0.000387
  @C         35     1.544068    0.298496  0.000006   0.000339   0.000098
  @›        310     2.491362    0.481624  0.000050   0.003004   0.000715
  @D         41     1.612784    0.311780  0.000007   0.000397   0.000114
  @E       8310     3.919601    0.757728  0.001341   0.080519   0.012793
  @F         50     1.698970    0.328441  0.000008   0.000484   0.000136
  @G        187     2.271842    0.439187  0.000030   0.001812   0.000453
  @!          0     0.000000    0.000000  0.000000   0.000000   0.000000
  @H        106     2.025306    0.391528  0.000017   0.001027   0.000271
  @I      11920     4.076276    0.788016  0.001923   0.115497   0.017350
  @$       8471     3.927935    0.759339  0.001367   0.082079   0.013004
  @J          0     0.000000    0.000000  0.000000   0.000000   0.000000
  @K       4125     3.615424    0.698925  0.000665   0.039969   0.007023
  @L      10133     4.005738    0.774380  0.001635   0.098182   0.015132
  @M       5286     3.723127    0.719746  0.000853   0.051218   0.008695
  @N         65     1.812913    0.350468  0.000010   0.000630   0.000173
  @O        172     2.235528    0.432167  0.000028   0.001667   0.000420
  @#        497     2.696356    0.521253  0.000080   0.004816   0.001091
  @P         31     1.491362    0.288307  0.000005   0.000300   0.000088
  @R        186     2.269513    0.438737  0.000030   0.001802   0.000451
  @S        612     2.786752    0.538728  0.000099   0.005930   0.001314
  @@         65     1.812913    0.350468  0.000010   0.000630   0.000173
  @T      14104     4.149343    0.802141  0.002275   0.136659   0.019977
  @U       3554     3.550717    0.686417  0.000573   0.034436   0.006174
  @"       3352     3.525304    0.681504  0.000541   0.032479   0.005869
  @V        157     2.195900    0.424506  0.000025   0.001521   0.000387
  @Y        243     2.385606    0.461180  0.000039   0.002355   0.000574
  @Z          0     0.000000    0.000000  0.000000   0.000000   0.000000
  @b      20394     4.309503    0.833103  0.003290   0.197605   0.027136

  TA      28352     4.452584    0.860763  0.004574   0.172209   0.035550
  TB        161     2.206826    0.426619  0.000026   0.000978   0.000396
  TC         46     1.662758    0.321441  0.000007   0.000279   0.000126
  T›        518     2.714330    0.524728  0.000084   0.003146   0.001132
  TD         29     1.462398    0.282707  0.000005   0.000176   0.000083
  TE      23321     4.367747    0.844363  0.003762   0.141651   0.030302
  TF        180     2.255272    0.435984  0.000029   0.001093   0.000438
  TG         65     1.812913    0.350468  0.000010   0.000395   0.000173
  T!          5     0.698970    0.135123  0.000001   0.000030   0.000016
  TH        220     2.342423    0.452832  0.000035   0.001336   0.000525
  TI      23622     4.373317    0.845440  0.003811   0.143479   0.030623
  T$      22100     4.344392    0.839848  0.003565   0.134235   0.028992
  TJ          0     0.000000    0.000000  0.000000   0.000000   0.000000
  TK        690     2.838849    0.548800  0.000111   0.004191   0.001462
  TL       7663     3.884399    0.750923  0.001236   0.046545   0.011942
  TM       7011     3.845780    0.743457  0.001131   0.042585   0.011071
  TN         42     1.623249    0.313803  0.000007   0.000255   0.000116
  TO       4450     3.648360    0.705293  0.000718   0.027029   0.007498
  T#        356     2.551450    0.493240  0.000057   0.002162   0.000809
  TP         31     1.491362    0.288307  0.000005   0.000188   0.000088
  TR       1623     3.210319    0.620611  0.000262   0.009858   0.003116
  TS        993     2.996949    0.579363  0.000160   0.006031   0.002020
  T@          6     0.778151    0.150430  0.000001   0.000036   0.000019
  TT       7440     3.871573    0.748444  0.001200   0.045190   0.011646
  TU      10612     4.025797    0.778258  0.001712   0.064457   0.015734
  T"      10520     4.022016    0.777527  0.001697   0.063898   0.015618
  TV         56     1.748188    0.337956  0.000009   0.000340   0.000151
  TY         76     1.880814    0.363595  0.000012   0.000462   0.000200
  TZ          2     0.301030    0.058194  0.000000   0.000012   0.000007
  Tb      14447     4.159778    0.804159  0.002331   0.087751   0.020382

  UA        506     2.704150    0.522760  0.000082   0.002771   0.001109
  UB        632     2.800717    0.541428  0.000102   0.003461   0.001352
  UC       1359     3.133219    0.605707  0.000219   0.007443   0.002665
  U›       1507     3.178113    0.614386  0.000243   0.008253   0.002919
  UD       1950     3.290035    0.636022  0.000315   0.010680   0.003660
  UE         17     1.230449    0.237868  0.000003   0.000093   0.000051
  UF        357     2.552668    0.493476  0.000058   0.001955   0.000811
  UG        476     2.677607    0.517629  0.000077   0.002607   0.001050
  U!       7054     3.848435    0.743971  0.001138   0.038633   0.011129
  UH       1476     3.169086    0.612641  0.000238   0.008084   0.002866
  UI          0     0.000000    0.000000  0.000000   0.000000   0.000000
  U$         24     1.380211    0.266819  0.000004   0.000131   0.000070
  UJ         14     1.146128    0.221567  0.000002   0.000077   0.000042
  UK       8641     3.936564    0.761008  0.001394   0.047324   0.013225
  UL      13384     4.126586    0.797742  0.002159   0.073300   0.019120
  UM      12608     4.100646    0.792728  0.002034   0.069050   0.018187
  UN      27690     4.442323    0.858780  0.004467   0.151650   0.034873
  UO         33     1.518514    0.293556  0.000005   0.000181   0.000093
  U#          1     0.000000    0.000000  0.000000   0.000005   0.000004
  UP       1882     3.274620    0.633042  0.000304   0.010307   0.003548
  UR      20044     4.301984    0.831650  0.003234   0.109775   0.026751
  US       5503     3.740599    0.723124  0.000888   0.030138   0.009000
  U@       8234     3.915611    0.756957  0.001328   0.045095   0.012694
  UT       5418     3.733839    0.721817  0.000874   0.029673   0.008881
  UU         46     1.662758    0.321441  0.000007   0.000252   0.000126
  U"          0     0.000000    0.000000  0.000000   0.000000   0.000000
  UV       1749     3.242790    0.626889  0.000282   0.009579   0.003327
  UY      10651     4.027390    0.778566  0.001718   0.058333   0.015782
  UZ       7237     3.859559    0.746121  0.001168   0.039635   0.011374
  Ub      44098     4.644419    0.897848  0.007114   0.241512   0.050761

  "A          8     0.903090    0.174583  0.000001   0.000076   0.000025
  "B        265     2.423246    0.468456  0.000043   0.002507   0.000620
  "C       1223     3.087426    0.596854  0.000197   0.011571   0.002428
  "›       3285     3.516535    0.679809  0.000530   0.031079   0.005767
  "D        983     2.992553    0.578514  0.000159   0.009300   0.002002
  "E         77     1.886491    0.364692  0.000012   0.000728   0.000202
  "F        646     2.810232    0.543268  0.000104   0.006112   0.001379
  "G         29     1.462398    0.282707  0.000005   0.000274   0.000083
  "!       1708     3.232488    0.624897  0.000276   0.016159   0.003258
  "H        319     2.503791    0.484027  0.000051   0.003018   0.000733
  "I          0     0.000000    0.000000  0.000000   0.000000   0.000000
  "$          3     0.477121    0.092236  0.000000   0.000028   0.000010
  "J         57     1.755875    0.339442  0.000009   0.000539   0.000154
  "K       7688     3.885813    0.751197  0.001240   0.072736   0.011975
  "L       6951     3.842047    0.742736  0.001121   0.065763   0.010990
  "M       5559     3.744997    0.723974  0.000897   0.052594   0.009078
  "N      22402     4.350287    0.840988  0.003614   0.211945   0.029318
  "O          5     0.698970    0.135123  0.000001   0.000047   0.000016
  "#          1     0.000000    0.000000  0.000000   0.000009   0.000004
  "P       1258     3.099681    0.599223  0.000203   0.011902   0.002490
  "R      11030     4.042575    0.781501  0.001779   0.104355   0.016254
  "S       4387     3.642168    0.704096  0.000708   0.041505   0.007406
  "@       7405     3.869525    0.748048  0.001195   0.070059   0.011599
  "T       3374     3.528145    0.682053  0.000544   0.031921   0.005902
  "U          1     0.000000    0.000000  0.000000   0.000009   0.000004
  ""          3     0.477121    0.092236  0.000000   0.000028   0.000010
  "V        824     2.915927    0.563700  0.000133   0.007796   0.001712
  "Y       6266     3.796990    0.734026  0.001011   0.059283   0.010058
  "Z       8708     3.939919    0.761656  0.001405   0.082386   0.013311
  "b      11232     4.050457    0.783025  0.001812   0.106266   0.016504

  VA      13457     4.128948    0.798199  0.002171   0.258326   0.019208
  VB         30     1.477121    0.285554  0.000005   0.000576   0.000085
  VC        177     2.247973    0.434573  0.000029   0.003398   0.000431
  V›          0     0.000000    0.000000  0.000000   0.000000   0.000000
  VD       1045     3.019116    0.583649  0.000169   0.020060   0.002113
  VE      20681     4.315571    0.834276  0.003336   0.397002   0.027450
  VF         44     1.643453    0.317709  0.000007   0.000845   0.000121
  VG        937     2.971740    0.574490  0.000151   0.017987   0.001919
  V!          2     0.301030    0.058194  0.000000   0.000038   0.000007
  VH        145     2.161368    0.417831  0.000023   0.002783   0.000360
  VI        356     2.551450    0.493240  0.000057   0.006834   0.000809
  V$       4383     3.641772    0.704019  0.000707   0.084138   0.007400
  VJ          0     0.000000    0.000000  0.000000   0.000000   0.000000
  VK        304     2.482874    0.479983  0.000049   0.005836   0.000702
  VL       1929     3.285332    0.635113  0.000311   0.037030   0.003625
  VM        407     2.609594    0.504481  0.000066   0.007813   0.000912
  VN         37     1.568202    0.303161  0.000006   0.000710   0.000104
  VO         70     1.845098    0.356690  0.000011   0.001344   0.000186
  V#          1     0.000000    0.000000  0.000000   0.000019   0.000004
  VP          1     0.000000    0.000000  0.000000   0.000019   0.000004
  VR       2827     3.451326    0.667202  0.000456   0.054268   0.005062
  VS        156     2.193125    0.423970  0.000025   0.002995   0.000385
  V@        124     2.093422    0.404696  0.000020   0.002380   0.000312
  VT          1     0.000000    0.000000  0.000000   0.000019   0.000004
  VU       2645     3.422426    0.661615  0.000427   0.050775   0.004777
  V"        517     2.713490    0.524566  0.000083   0.009925   0.001130
  VV        962     2.983175    0.576701  0.000155   0.018467   0.001964
  VY         58     1.763428    0.340902  0.000009   0.001113   0.000156
  VZ         74     1.869232    0.361356  0.000012   0.001421   0.000195
  Vb        723     2.859138    0.552722  0.000117   0.013879   0.001524

  YA      47954     4.680825    0.904886  0.007736   0.267647   0.054263
  YB        468     2.670246    0.516206  0.000076   0.002612   0.001034
  YC        174     2.240549    0.433138  0.000028   0.000971   0.000424
  Y›          2     0.301030    0.058194  0.000000   0.000011   0.000007
  YD       6496     3.812646    0.737052  0.001048   0.036256   0.010373
  YE      25073     4.399206    0.850444  0.004045   0.139941   0.032156
  YF        169     2.227887    0.430690  0.000027   0.000943   0.000413
  YG       1392     3.143639    0.607721  0.000225   0.007769   0.002722
  Y!         13     1.113943    0.215345  0.000002   0.000073   0.000040
  YH        210     2.322219    0.448926  0.000034   0.001172   0.000503
  YI      10989     4.040958    0.781189  0.001773   0.061333   0.016203
  Y$      10306     4.013090    0.775801  0.001663   0.057521   0.015350
  YJ          0     0.000000    0.000000  0.000000   0.000000   0.000000
  YK        784     2.894316    0.559523  0.000126   0.004376   0.001638
  YL      14690     4.167022    0.805559  0.002370   0.081990   0.020668
  YM       1635     3.213518    0.621230  0.000264   0.009125   0.003136
  YN       2096     3.321391    0.642084  0.000338   0.011698   0.003899
  YO      30938     4.490492    0.868092  0.004991   0.172675   0.038164
  Y#        721     2.857935    0.552490  0.000116   0.004024   0.001520
  YP         17     1.230449    0.237868  0.000003   0.000095   0.000051
  YR       2539     3.404663    0.658182  0.000410   0.014171   0.004610
  YS       1044     3.018701    0.583568  0.000168   0.005827   0.002111
  Y@        150     2.176091    0.420677  0.000024   0.000837   0.000371
  YT        214     2.330414    0.450510  0.000035   0.001194   0.000512
  YU       6206     3.792812    0.733218  0.001001   0.034638   0.009976
  Y"       8671     3.938069    0.761299  0.001399   0.048396   0.013263
  YV        431     2.634477    0.509291  0.000070   0.002406   0.000960
  YY        289     2.460898    0.475735  0.000047   0.001613   0.000671
  YZ        204     2.309630    0.446492  0.000033   0.001139   0.000490
  Yb       5294     3.723784    0.719873  0.000854   0.029548   0.008706

  ZA      10552     4.023335    0.777782  0.001702   0.131908   0.015658
  ZB        180     2.255272    0.435984  0.000029   0.002250   0.000438
  ZC        500     2.698970    0.521759  0.000081   0.006250   0.001097
  Z›          5     0.698970    0.135123  0.000001   0.000063   0.000016
  ZD       3688     3.566791    0.689524  0.000595   0.046103   0.006375
  ZE       9221     3.964778    0.766462  0.001488   0.115270   0.013973
  ZF          3     0.477121    0.092236  0.000000   0.000038   0.000010
  ZG       1074     3.031004    0.585947  0.000173   0.013426   0.002165
  Z!          8     0.903090    0.174583  0.000001   0.000100   0.000025
  ZH        163     2.212188    0.427655  0.000026   0.002038   0.000400
  ZI       6293     3.798858    0.734387  0.001015   0.078667   0.010095
  Z$       5645     3.751664    0.725263  0.000911   0.070567   0.009199
  ZJ          0     0.000000    0.000000  0.000000   0.000000   0.000000
  ZK        114     2.056905    0.397636  0.000018   0.001425   0.000289
  ZL       8422     3.925415    0.758852  0.001359   0.105282   0.012940
  ZM       1463     3.165244    0.611898  0.000236   0.018289   0.002844
  ZN         71     1.851258    0.357881  0.000011   0.000888   0.000188
  ZO        893     2.950851    0.570452  0.000144   0.011163   0.001838
  Z#          9     0.954243    0.184472  0.000001   0.000113   0.000028
  ZP          7     0.845098    0.163372  0.000001   0.000088   0.000022
  ZR         98     1.991226    0.384939  0.000016   0.001225   0.000252
  ZS        698     2.843855    0.549768  0.000113   0.008726   0.001477
  Z@          0     0.000000    0.000000  0.000000   0.000000   0.000000
  ZT         42     1.623249    0.313803  0.000007   0.000525   0.000116
  ZU       2592     3.413635    0.659916  0.000418   0.032402   0.004693
  Z"       4123     3.615213    0.698885  0.000665   0.051541   0.007020
  ZV         43     1.633469    0.315778  0.000007   0.000538   0.000119
  ZY        198     2.296665    0.443986  0.000032   0.002475   0.000477
  ZZ         91     1.959041    0.378717  0.000015   0.001138   0.000236
  Zb      23799     4.376559    0.846066  0.003839   0.297506   0.030811

  bA      62468     4.795658    0.927086  0.010078   0.071255   0.066843
  bB      123572     5.091920    0.984358  0.019936   0.140954   0.112606
  bC       6135     3.787815    0.732252  0.000990   0.006998   0.009878
  b›      29544     4.470469    0.864221  0.004766   0.033700   0.036762
  bD      78865     4.896884    0.946654  0.012723   0.089958   0.080110
  bE      30457     4.483687    0.866776  0.004914   0.034741   0.037682
  bF       7098     3.851136    0.744493  0.001145   0.008096   0.011188
  bG      59368     4.773552    0.922812  0.009578   0.067719   0.064229
  b!          0     0.000000    0.000000  0.000000   0.000000   0.000000
  bH      36045     4.556845    0.880919  0.005815   0.041115   0.043183
  bI       2140     3.330414    0.643828  0.000345   0.002441   0.003970
  b$      41076     4.613588    0.891888  0.006627   0.046854   0.047961
  bJ        243     2.385606    0.461180  0.000039   0.000277   0.000574
  bK      82699     4.917500    0.950640  0.013342   0.094331   0.083091
  bL       2995     3.476397    0.672049  0.000483   0.003416   0.005322
  bM      23927     4.378888    0.846517  0.003860   0.027293   0.030947
  bN      17141     4.234036    0.818514  0.002765   0.019552   0.023501
  bO      42228     4.625600    0.894211  0.006813   0.048168   0.049034
  b#      13480     4.129690    0.798342  0.002175   0.015376   0.019235
  bP      10933     4.038739    0.780760  0.001764   0.012471   0.016134
  bR       5212     3.717004    0.718563  0.000841   0.005945   0.008590
  bS      59386     4.773684    0.922838  0.009581   0.067739   0.064244
  b@      11871     4.074487    0.787671  0.001915   0.013541   0.017290
  bT      26795     4.428054    0.856021  0.004323   0.030564   0.033950
  bU       9710     3.987219    0.770800  0.001566   0.011076   0.014597
  b"       6997     3.844912    0.743290  0.001129   0.007981   0.011052
  bV      23922     4.378798    0.846499  0.003859   0.027287   0.030942
  bY      54897     4.739549    0.916239  0.008856   0.062619   0.060392
  bZ       7482     3.874018    0.748916  0.001207   0.008534   0.011702
  bb          0     0.000000    0.000000  0.000000   0.000000   0.000000
======  =======     ========    ========  ========   ========   ========
Toplam  6198571  2229.560059  431.013062  1.000000  29.999985   7.829702   


En buyuk Digraf frekansi=132161
C tabani => C = Antilog(Log(en buyuk digraf)/0.99)
C tabani => C = 148878.375000

Digrafik Entropi               H2(M) = 7.829702
Digrafik Oran            r = H2(M)/2 = 3.914851
Digrafik Mutlak Oran           R     = 4.906890
Digrafik Fazlalik             D=R-r  = 0.992040
Digrafik Tesadufluk Indeksi       IC = 0.006817